0,67;55,38
1,34;55,31
2,02;55,31
2,69;55,31
3,36;55,31
4,03;55,31
4,70;55,31
5,37;55,31
6,05;55,31
6,72;55,31
7,39;55,31
8,06;55,31
8,73;55,31
9,41;55,31
10,08;55,31
10,75;55,31
11,42;55,31
12,09;55,31
12,77;55,31
13,44;55,25
14,11;55,25
14,78;55,25
15,45;55,25
16,12;55,25
16,80;55,25
17,47;55,25
18,14;55,25
18,81;55,25
19,48;55,25
20,16;55,19
20,83;55,19
21,50;55,19
22,17;55,19
22,84;55,19
23,51;55,19
24,19;55,13
24,86;55,13
25,53;55,13
26,20;55,13
26,87;55,13
27,55;55,13
28,22;55,13
28,89;55,06
29,56;55,06
30,23;55,06
30,91;55,06
31,58;55,06
32,25;55,06
32,92;55,06
33,59;55,06
34,26;55,06
34,94;55,00
35,61;55,00
36,28;55,00
36,95;55,00
37,62;55,00
38,30;54,94
38,97;54,94
39,64;54,94
40,31;54,94
40,98;54,94
41,65;54,94
42,33;54,88
43,00;54,88
43,67;54,88
44,34;54,88
45,01;54,88
45,69;54,88
46,36;54,88
47,03;54,81
47,70;54,81
48,37;54,81
49,04;54,81
49,72;54,81
50,39;54,81
51,06;54,81
51,73;54,81
52,40;54,75
53,08;54,75
53,75;54,75
54,42;54,75
55,09;54,75
55,76;54,75
56,44;54,69
57,11;54,69
57,78;54,69
58,45;54,69
59,12;54,69
59,79;54,69
60,47;54,69
61,14;54,63
61,81;54,63
62,48;54,63
63,15;54,63
63,83;54,63
64,50;54,63
65,17;54,56
65,84;54,56
66,51;54,56
67,18;54,56
67,86;54,56
68,53;54,56
69,20;54,56
69,87;54,50
70,54;54,50
71,22;54,50
71,89;54,50
72,56;54,50
73,23;54,50
73,90;54,44
74,57;54,44
75,25;54,44
75,92;54,44
76,59;54,44
77,26;54,38
77,93;54,38
78,61;54,38
79,28;54,38
79,95;54,38
80,62;54,38
81,29;54,38
81,96;54,31
82,64;54,31
83,31;54,31
83,98;54,31
84,65;54,25
85,32;54,31
86,00;54,25
86,67;54,25
87,34;54,25
88,01;54,25
88,68;54,25
89,36;54,25
90,03;54,19
90,70;54,19
91,37;54,19
92,04;54,19
92,71;54,19
93,39;54,19
94,06;54,19
94,73;54,13
95,40;54,19
96,07;54,13
96,75;54,13
97,42;54,13
98,09;54,13
98,76;54,13
99,43;54,13
100,10;54,06
100,78;54,06
101,45;54,06
102,12;54,06
102,79;54,06
103,46;54,06
104,14;54,06
104,81;54,06
105,48;54,00
106,15;54,00
106,82;54,00
107,49;54,00
108,17;54,00
108,84;54,00
109,51;53,94
110,18;53,94
110,85;53,94
111,52;53,94
112,20;53,94
112,87;53,94
113,54;53,88
114,21;53,88
114,88;53,88
115,56;53,88
116,23;53,88
116,90;53,88
117,57;53,88
118,24;53,81
118,91;53,88
119,59;53,81
120,26;53,81
120,93;53,81
121,60;53,81
122,27;53,81
122,94;53,81
123,62;53,81
124,29;53,81
124,96;53,75
125,63;53,75
126,30;53,75
126,97;53,75
127,65;53,75
128,32;53,75
128,99;53,75
129,66;53,75
130,34;53,75
131,01;53,69
131,68;53,69
132,35;53,69
133,02;53,69
133,69;53,69
134,37;53,69
135,04;53,63
135,71;53,63
136,38;53,63
137,05;53,63
137,72;53,63
138,40;53,63
139,07;53,63
139,74;53,63
140,41;53,56
141,08;53,56
141,76;53,56
142,43;53,56
143,10;53,56
143,77;53,56
144,44;53,56
145,11;53,56
145,79;53,50
146,46;53,50
147,13;53,50
147,80;53,50
148,47;53,50
149,14;53,50
149,82;53,44
150,49;53,44
151,16;53,44
151,83;53,44
152,50;53,44
153,18;53,44
153,85;53,38
154,52;53,38
155,19;53,38
155,86;53,38
156,53;53,38
157,21;53,38
157,88;53,38
158,55;53,31
159,22;53,31
159,89;53,31
160,56;53,31
161,24;53,31
161,91;53,25
162,58;53,31
163,25;53,25
163,92;53,25
164,59;53,25
165,27;53,25
165,94;53,25
166,61;53,25
167,28;53,25
167,95;53,19
168,62;53,19
169,30;53,19
169,97;53,19
170,64;53,19
171,31;53,19
171,98;53,19
172,65;53,13
173,33;53,13
174,00;53,13
174,67;53,13
175,34;53,13
176,01;53,13
176,68;53,13
177,36;53,06
178,03;53,06
178,70;53,06
179,37;53,06
180,04;53,06
180,72;53,06
181,39;53,06
182,06;53,06
182,73;53,00
183,40;53,00
184,07;53,00
184,75;53,00
185,42;53,00
186,09;53,00
186,76;52,94
187,43;52,94
188,10;52,94
188,78;52,94
189,45;52,88
190,12;52,88
190,79;52,88
191,46;52,88
192,13;52,88
192,81;52,81
193,48;52,81
194,15;52,81
194,82;52,81
195,49;52,81
196,17;52,81
196,84;52,81
197,51;52,81
198,18;52,75
198,85;52,75
199,52;52,75
200,20;52,75
200,87;52,75
201,54;52,75
202,21;52,75
202,88;52,69
203,55;52,69
204,23;52,69
204,90;52,69
205,57;52,69
206,24;52,69
206,91;52,69
207,59;52,69
208,26;52,63
208,93;52,63
209,60;52,63
210,27;52,63
210,94;52,63
211,62;52,63
212,29;52,56
212,96;52,56
213,63;52,56
214,30;52,56
214,97;52,56
215,65;52,56
216,32;52,50
216,99;52,50
217,66;52,50
218,33;52,50
219,00;52,50
219,68;52,50
220,35;52,50
221,02;52,50
221,69;52,44
222,36;52,44
223,04;52,44
223,71;52,44
224,38;52,44
225,05;52,44
225,72;52,44
226,39;52,44
227,06;52,38
227,74;52,38
228,41;52,38
229,08;52,38
229,75;52,38
230,42;52,38
231,10;52,38
231,77;52,31
232,44;52,31
233,11;52,31
233,78;52,31
234,45;52,31
235,13;52,25
235,80;52,25
236,47;52,25
237,14;52,25
237,81;52,25
238,48;52,25
239,15;52,25
239,83;52,25
240,50;52,19
241,17;52,19
241,84;52,19
242,51;52,19
243,18;52,19
243,86;52,19
244,53;52,19
245,20;52,19
245,87;52,19
246,54;52,13
247,21;52,13
247,89;52,13
248,56;52,13
249,23;52,13
249,90;52,13
250,57;52,06
251,24;52,06
251,92;52,06
252,59;52,06
253,26;52,06
253,93;52,06
254,60;52,06
255,27;52,06
255,95;52,00
256,62;52,00
257,29;52,00
257,96;52,00
258,63;52,00
259,31;52,00
259,98;52,00
260,65;51,94
261,32;51,94
261,99;51,94
262,66;51,88
263,33;51,88
264,01;51,81
264,68;51,75
265,35;51,75
266,02;51,69
266,69;51,63
267,37;51,56
268,04;51,50
268,71;51,44
269,38;51,44
270,05;51,38
270,72;51,31
271,39;51,25
272,07;51,25
272,74;51,19
273,41;51,19
274,08;51,13
274,75;51,06
275,43;51,06
276,10;51,00
276,77;51,00
277,44;50,94
278,11;50,88
278,78;50,88
279,45;50,81
280,13;50,81
280,80;50,75
281,47;50,75
282,14;50,69
282,81;50,69
283,48;50,63
284,16;50,63
284,83;50,56
285,50;50,56
286,17;50,50
286,84;50,44
287,51;50,44
288,19;50,38
288,86;50,38
289,53;50,31
290,20;50,31
290,87;50,25
291,54;50,25
292,21;50,19
292,89;50,19
293,56;50,13
294,23;50,13
294,90;50,13
295,57;50,06
296,24;50,06
296,92;50,06
297,59;50,00
298,26;50,00
298,93;49,94
299,60;49,94
300,27;49,94
300,95;49,88
301,62;49,88
302,29;49,88
302,96;49,81
303,63;49,81
304,30;49,81
304,98;49,75
305,65;49,75
306,32;49,75
306,99;49,75
307,66;49,69
308,33;49,69
309,01;49,69
309,68;49,69
310,35;49,63
311,02;49,63
311,69;49,63
312,36;49,63
313,03;49,56
313,70;49,56
314,38;49,56
315,05;49,56
315,72;49,50
316,39;49,50
317,06;49,50
317,73;49,50
318,41;49,44
319,08;49,44
319,75;49,44
320,42;49,44
321,09;49,44
321,76;49,38
322,43;49,38
323,11;49,38
323,78;49,38
324,45;49,31
325,12;49,31
325,79;49,31
326,46;49,31
327,14;49,31
327,81;49,31
328,48;49,31
329,15;49,25
329,82;49,25
330,49;49,25
331,17;49,25
331,84;49,25
332,51;49,25
333,18;49,25
333,85;49,19
334,52;49,19
335,19;49,19
335,87;49,19
336,54;49,19
337,21;49,19
337,88;49,13
338,55;49,13
339,22;49,13
339,89;49,13
340,57;49,13
341,24;49,13
341,91;49,13
342,58;49,13
343,25;49,06
343,92;49,06
344,60;49,06
345,27;49,06
345,94;49,06
346,61;49,06
347,28;49,06
347,95;49,00
348,62;49,00
349,30;49,00
349,97;49,00
350,64;49,00
351,31;49,00
351,98;49,00
352,65;49,00
353,33;48,94
354,00;48,94
354,67;48,94
355,34;48,94
356,01;48,94
356,68;48,94
357,36;48,94
358,03;48,94
358,70;48,94
359,37;48,88
360,04;48,88
360,71;48,88
361,38;48,88
362,05;48,88
362,73;48,88
363,40;48,88
364,07;48,88
364,74;48,88
365,41;48,88
366,08;48,81
366,76;48,81
367,43;48,81
368,10;48,81
368,77;48,81
369,44;48,81
370,11;48,81
370,79;48,81
371,46;48,81
372,13;48,75
372,80;48,75
373,47;48,75
374,14;48,75
374,81;48,75
375,49;48,75
376,16;48,75
376,83;48,75
377,50;48,69
378,17;48,69
378,84;48,69
379,52;48,69
380,19;48,69
380,86;48,69
381,53;48,69
382,20;48,69
382,87;48,69
383,55;48,63
384,21;48,63
384,89;48,63
385,56;48,63
386,23;48,63
386,90;48,63
387,57;48,63
388,24;48,63
388,92;48,63
389,59;48,56
390,26;48,63
390,93;48,56
391,60;48,56
392,27;48,56
392,95;48,56
393,62;48,56
394,29;48,56
394,96;48,56
395,63;48,50
396,30;48,50
396,97;48,50
397,65;48,50
398,32;48,50
398,99;48,50
399,66;48,50
400,33;48,50
401,00;48,50
401,68;48,44
402,35;48,44
403,02;48,44
403,69;48,44
404,36;48,44
405,03;48,44
405,70;48,44
406,38;48,44
407,05;48,44
407,72;48,44
408,39;48,38
409,06;48,38
409,73;48,38
410,40;48,38
411,08;48,38
411,75;48,38
412,42;48,38
413,09;48,38
413,76;48,38
414,43;48,31
415,11;48,31
415,78;48,31
416,45;48,31
417,12;48,31
417,79;48,31
418,46;48,31
419,14;48,31
419,81;48,25
420,48;48,25
421,15;48,25
421,82;48,25
422,49;48,25
423,16;48,25
423,83;48,25
424,51;48,25
425,18;48,19
425,85;48,19
426,52;48,19
427,19;48,19
427,86;48,19
428,54;48,19
429,21;48,19
429,88;48,19
430,55;48,19
431,22;48,19
431,89;48,19
432,57;48,13
433,24;48,13
433,91;48,13
434,58;48,13
435,25;48,13
435,92;48,13
436,59;48,13
437,27;48,13
437,94;48,06
438,61;48,06
439,28;48,06
439,95;48,06
440,62;48,06
441,29;48,06
441,97;48,06
442,64;48,06
443,31;48,06
443,98;48,00
444,65;48,00
445,32;48,00
445,99;48,00
446,67;48,00
447,34;48,00
448,01;48,00
448,68;47,94
449,35;47,94
450,02;47,94
450,69;47,94
451,37;47,94
452,04;47,94
452,71;47,94
453,38;47,94
454,05;47,94
454,72;47,94
455,39;47,94
456,07;47,88
456,74;47,88
457,41;47,88
458,08;47,88
458,75;47,88
459,42;47,88
460,10;47,88
460,77;47,88
461,44;47,81
462,11;47,81
462,78;47,81
463,45;47,81
464,12;47,81
464,80;47,81
465,47;47,81
466,14;47,81
466,81;47,75
467,48;47,75
468,15;47,75
468,82;47,75
469,50;47,75
470,17;47,75
470,84;47,75
471,51;47,75
472,18;47,75
472,85;47,69
473,52;47,69
474,20;47,69
474,87;47,69
475,54;47,69
476,21;47,69
476,88;47,69
477,55;47,69
478,23;47,69
478,90;47,63
479,57;47,63
480,24;47,63
480,91;47,63
481,58;47,63
482,25;47,63
482,92;47,63
483,60;47,63
484,27;47,56
484,94;47,56
485,61;47,56
486,28;47,56
486,95;47,56
487,63;47,56
488,30;47,56
488,97;47,56
489,64;47,56
490,31;47,50
490,98;47,50
491,65;47,50
492,33;47,50
493,00;47,50
493,67;47,50
494,34;47,50
495,01;47,50
495,68;47,44
496,36;47,44
497,02;47,44
497,70;47,44
498,37;47,44
499,04;47,44
499,71;47,44
500,38;47,44
501,05;47,38
501,73;47,38
502,40;47,38
503,07;47,38
503,74;47,38
504,41;47,38
505,08;47,38
505,76;47,38
506,43;47,38
507,10;47,38
507,77;47,38
508,44;47,31
509,11;47,31
509,78;47,31
510,45;47,31
511,13;47,31
511,80;47,31
512,47;47,31
